t ms | particle 0: x y opacity | particles that moved since the last sample
   0 | 0 0 1            | -
  83 | -26 -24 0.88     | 20
 183 | -51 -48 0.75     | 20
 283 | -83 -78 0.61     | 20
 383 | -107 -101 0.48   | 20
 483 | -127 -120 0.38   | 20
 583 | -153 -144 0.24   | 20
 683 | -171 -161 0.15   | 20
 783 | -182 -171 0.1    | 20
 891 | -196 -185 0.03   | 20
 983 | -200 -189 0      | 20
1083 | -200 -189 0      | 11
1183 | -200 -189 0      | 0
1283 | -200 -189 0      | 0
1383 | -200 -189 0      | 0
1483 | -200 -189 0      | 0
1583 | -200 -189 0      | 0
1683 | -200 -189 0      | 0
1783 | -200 -189 0      | 0
1883 | -200 -189 0      | 0
1983 | -200 -189 0      | 0
2083 | -200 -189 0      | 0
2183 | -200 -189 0      | 0
2283 | -200 -189 0      | 0
2383 | -200 -189 0      | 0
2483 | -200 -189 0      | 0
2583 | -200 -189 0      | 0
2683 | -200 -189 0      | 0
2783 | -200 -189 0      | 0
2883 | -200 -189 0      | 0
2983 | -200 -189 0      | 0
3083 | -200 -189 0      | 0
3183 | -200 -189 0      | 0
3283 | -200 -189 0      | 0
3383 | -200 -189 0      | 0
3483 | -200 -189 0      | 0
3587 | -200 -189 0      | 0
3683 | -200 -189 0      | 0
3783 | -200 -189 0      | 0
3883 | -200 -189 0      | 0
3983 | -200 -189 0      | 0
4083 | -200 -189 0      | 0
4183 | -200 -189 0      | 0
4283 | -200 -189 0      | 0
4383 | -200 -189 0      | 0
4483 | -200 -189 0      | 0
4583 | -200 -189 0      | 0
samples after 1.2 s in which some particle moved: 0 of 34
