t ms | particle 0: x y opacity | particles that moved since the last sample
   0 | 10 -8 0.98       | -
  95 | 54 -53 0.87      | 20
 195 | 84 -120 0.7      | 20
 296 | 114 -186 0.54    | 20
 395 | 133 -227 0.45    | 20
 497 | 154 -273 0.34    | 20
 599 | 136 -305 0.2     | 20
 696 | 112 -279 0.13    | 20
 795 | 94 -259 0.07     | 20
 895 | 67 -229 0.02     | 20
 995 | 46 -205 0        | 20
1095 | 30 -188 0        | 20
1197 | 10 -165 0        | 20
1296 | -3 -150 0        | 20
1395 | -11 -142 0       | 20
1503 | -20 -131 0       | 20
1595 | -69 -142 0       | 20
1695 | -73 -162 0       | 20
1795 | -76 -183 0       | 20
1895 | -80 -207 0       | 20
1996 | -83 -227 0       | 20
2095 | -85 -241 0       | 20
2195 | -87 -256 0       | 20
2295 | -89 -268 0       | 20
2396 | -91 -279 0       | 20
2495 | -92 -284 0       | 20
2599 | -114 -237 0      | 20
2695 | -116 -208 0      | 20
2795 | -118 -180 0      | 20
2895 | -120 -149 0      | 20
2995 | -122 -121 0      | 20
3095 | -123 -100 0      | 20
3195 | -125 -77 0       | 20
3295 | -125 -64 0       | 20
3395 | -126 -49 0       | 20
3495 | -122 -40 0       | 20
3595 | -49 -49 0        | 20
3697 | -60 -133 0       | 20
3795 | -67 -190 0       | 20
3895 | -75 -253 0       | 20
3995 | -80 -293 0       | 20
4096 | -88 -356 0       | 20
4195 | -93 -392 0       | 20
4295 | -98 -434 0       | 20
4395 | -101 -458 0      | 20
4498 | -104 -477 0      | 20
4595 | -91 -441 0       | 20
samples after 1.2 s in which some particle moved: 34 of 34
